E = 11663*10^2;
S = 2.5;
l = 0.019;
R = 0.05; %resistance
C = 0.5*10^-6;
Cp=0.8*10^8;
m=0.3;
r= 1/0.005;

Ky = 2;
Ko=8.2;%8.2
Kd=1.1*10^3;
Tu=0.05/1000;
Tu2 = 0.0001/1000;
Fb=50;
Upm=55; %Максимальное напряжение ПД
Um=1;% максимальное напряжение управления
Kx=1/0.002;
%%%
%Kf=10/1241.36775223426;
Ku=Upm/Um;
%Kv=10/0.435953306352870;
%Kx=10/4.91961381962118e-05;
%%%%
